Mean Noise Amplitude <length scales>
-----------ALL SAMPLES-------------
7.75492518623 0.0397210352271 0.0753397828571 1.48065853755 0.321566620215 0.663511435565 
7.76509552046 0.0466426392216 0.0895563919445 0.427569436345 1.410118425 1.59147181508 
7.7950661256 0.0501746006375 0.0677037821756 1.47023342301 1.51021126053 1.19566127041 
7.79940741102 0.0712003191871 0.0667330806079 1.13547082029 1.45370428984 0.273564370022 
8.02090381844 0.245750409493 0.649230652225 0.560283419928 1.07285005706 1.11616141825 
8.15901700645 0.201863697587 0.450658602746 0.584338365202 0.873440331322 1.05226618525 
7.45182739118 0.272075420468 0.0471336264005 0.34413665707 1.52218451731 0.399834050855 
7.4678253746 0.278341282685 0.0638536092086 0.153095538843 0.491031859568 0.725420531687 
7.53203380538 0.220403901415 0.0107615758373 1.15279789778 1.47194775264 1.37668348363 
7.48920625653 0.285849647839 0.062587875689 0.565464970916 0.410395280169 1.65316394944 
-----------MEAN OF SAMPLES-------------
7.72353078959 0.171202295376 0.158355897969 0.787404906694 1.05374503936 1.00477385102 
