Mean Noise Amplitude <length scales>
-----------ALL SAMPLES-------------
8.31714241531 0.00765156172462 0.277197349011 1.23602775654 1.78746240384 0.298990790185 
8.31700758604 0.00928959468259 0.28031986027 0.793863248405 1.41902869767 0.558087739559 
8.31748241952 0.00590152346226 0.280474401538 0.544241015142 0.531927929008 1.76199572548 
8.5845212101 0.0342105827958 0.480137018701 0.344656090571 0.624840094121 0.504369474922 
8.45028206116 0.00412119066105 0.497917033089 1.59577398409 0.529890212148 1.52289852395 
8.4534840769 0.00603090447737 0.498853183964 1.07332032826 0.689700850443 1.7351003734 
8.45613683391 0.0054014329102 0.496990892559 1.92770294079 0.864657275983 0.765536878795 
8.46368842879 0.000838521160422 0.489168661241 0.139631402648 1.11915250773 1.72482701625 
8.46333788485 0.00105253949665 0.489898290938 0.680928070999 0.338086160191 0.788837673044 
8.4675017667 0.00335475952045 0.489870464713 1.24813815521 1.10481232856 0.552404749921 
-----------MEAN OF SAMPLES-------------
8.42905846833 0.00778526108914 0.428082715602 0.958428299266 0.900955845969 1.02130489455 
