Mean Noise Amplitude <length scales>
-----------ALL SAMPLES-------------
7.37451636587 0.000684002502816 0.445465897438 1.65280103426 1.08914491231 0.949445240894 
7.37409790833 0.000446294344351 0.445413490825 1.06076317431 0.115183906302 1.79663294978 
7.37391575109 0.000287302172432 0.444620968826 1.83054247903 1.69557789198 0.535994834749 
7.3739677258 0.000126743382644 0.444662151434 1.68453741566 1.12714556325 0.340672962453 
7.37388338839 3.11895357185e-05 0.444963215593 1.75499480446 1.86489845872 0.82592042313 
7.37385896294 1.21708333255e-05 0.445009204621 1.75339100245 1.72239690875 1.48044807245 
7.37204339403 0.00505782248605 0.452827144737 1.31637949976 1.03282694007 0.814933128319 
7.37436456407 0.00315010548173 0.455035405835 1.5502275215 1.75286576867 1.00085729344 
7.34808442121 0.0141893384509 0.516327991606 0.902387865107 0.700037497296 1.36626473384 
7.34346070315 0.0157875783748 0.516334128857 1.6363945716 1.4543636044 1.2566604238 
-----------MEAN OF SAMPLES-------------
7.36821931849 0.00397725475648 0.461065959977 1.51424193681 1.25544414517 1.03678300629 
