Mean Noise Amplitude <length scales>
-----------ALL SAMPLES-------------
7.79144207042 1.91861315977e-05 0.309020680425 1.0100427252 1.22796433306 1.20509949167 
7.79143210024 1.38213516036e-05 0.309015099495 1.00193533293 1.06969055514 1.2167213334 
7.79121493332 5.11671154079e-06 0.308970118183 0.831059349138 1.51921820249 0.707017329284 
7.79121530986 5.69199100107e-06 0.308969947896 1.40236705237 0.589968193402 0.763981703297 
7.79121539197 5.03301776251e-06 0.308970221552 1.37696786928 1.78834870032 1.56528618955 
7.79121593421 4.30425415591e-06 0.308970360991 0.720187038393 1.0036429279 1.13267904519 
7.79121710416 6.18314438028e-06 0.308972510519 0.61467684909 0.70223254202 1.51682750281 
7.79121702904 7.62476733362e-06 0.308972631464 1.51051513261 0.499682459839 1.46508812854 
7.79121966236 2.41990001167e-06 0.308977721169 1.67402945296 0.573226548691 0.711916526186 
7.79123146532 3.0941423038e-06 0.308976325767 1.71446696206 0.63559134826 1.87008017812 
-----------MEAN OF SAMPLES-------------
7.79126210009 7.2475411691e-06 0.308981561746 1.1856247764 0.960956581111 1.2154697428 
