Mean Noise Amplitude <length scales>
-----------ALL SAMPLES-------------
6.08953390606 1.2779291671e-06 0.898808453833 0.585611960076 1.01695327328 1.30132101946 
6.08574361387 7.52423405722e-05 0.910601218616 0.635454053502 0.914456136085 1.0592854601 
6.08573146494 8.95386862768e-05 0.910541980464 0.606762709753 1.22424270783 1.03628337589 
6.08411905303 0.000393588060141 0.912648519857 0.29239067408 1.41053914944 1.17790753443 
6.08408052799 0.000468205945757 0.912709519592 1.43423827615 1.59386624633 1.82646762969 
6.08414185287 0.000497168774051 0.912751024106 0.933024664384 1.3140514211 1.22565065775 
6.08577187362 0.000850973230671 0.913689008499 1.14333779273 0.596650193056 1.46815201441 
6.08606675827 0.0010341148572 0.908139147408 1.28737477142 0.569265684897 1.11254360194 
6.08601451603 0.000849255203955 0.908210602803 1.10084568491 1.5062474661 0.936962133489 
6.08643074179 0.00167361461888 0.90855610644 1.27628608135 1.37243872796 1.8417018827 
-----------MEAN OF SAMPLES-------------
6.08576343085 0.000593297964667 0.909665558162 0.929532666835 1.15187110061 1.29862753099 
