Mean Noise Amplitude <length scales>
-----------ALL SAMPLES-------------
8.364748165467821 0.03414403492477953 0.1391356875499112 1.2637306437578593 0.14338530025632346 0.6204790635566628 
8.324459395977588 0.022674835683140653 0.13473058322175552 0.7519324475323501 0.39991683809659717 0.6566093215749167 
8.354430001120804 0.02620679709899057 0.11287797345284654 1.3008008378306277 1.5000096736281314 0.5669799015857215 
8.355052877821578 0.029223514255566116 0.11273869963605367 1.9974699729553 1.6849639291395977 0.3912822907690978 
8.34100459975323 0.09894938941562524 0.09260342950105538 1.8448790438551477 0.7190828392793257 0.2737025148917579 
8.374884175321524 0.1491514265143914 0.08072651796133434 1.6175916760485005 1.903131536213282 0.3932112582865205 
8.632824185217142 0.12320177333693044 0.228192934155948 1.6446399426628824 1.7215504110972106 0.8186375445368765 
8.672888716296828 0.019184705031085436 0.21009260389205953 1.8157896592365752 1.440418490897247 1.154838134369618 
8.680039723573628 0.014618762080055088 0.21190867686614503 1.899515299131405 0.9519211400160162 0.791250946577265 
8.679380029865714 0.011885583158997608 0.21217459947375503 1.8476846191148566 1.5982594244448922 0.9062280857183079 
-----------MEAN OF SAMPLES-------------
8.477971187041586 0.05292408214995622 0.1535181705710864 1.5984034142125507 1.2062639583068624 0.6573219061866745 
